Glycolysis / Gluconeogenesis	178723	177108	178524	175500	173393	179335	183957	175827	175820	174798	172751	179945	172744	174578	185679	175691	172376	178597	187001	266822	180601	3565504	179627	179628	178387	173843	172556	171965	176788	3565996	179026	178680	174603	174423	175171	174844	4363084	176749	176056	180583	173227	177984
Citrate cycle (TCA cycle)	179795	181108	177108	181570	172430	178524	172968	181311	181528	177555	180485	179616	175936	179945	175252	174692	175598	174482	172655	179041	181280	176121	177775	176059	178387	172556	3565996	260040	176437	177235	179063	175171	181324
Pentose phosphate pathway	178046	175995	266887	179335	175827	177906	174781	176043	173911	36805006	266822	173843	176016	176788	177971	177202	176749	178398	180583	173227
Pentose and glucuronate interconversions	180404	181205	178940	183462	176043	179484	174507	185500	176814	175591	179405	179404	187700	187799	179741	188072	188073	181413	173326	175047	171839	179759	179755
Fructose and mannose metabolism	179120	183400	179335	177717	175827	172751	178364	186416	4926919	266822	187512	179405	179404	176788	178730	174844	175047	172033	180583	176388
Galactose metabolism	178723	173171	179335	177632	172751	176814	173843	188583	4363084	175047	176749	180583	175506
Ascorbate and aldarate metabolism	180404	181205	178940	183462	183790	175820	179484	174507	185500	185679	175691	187001	175591	187799	188072	188073	179026	181413	178680	173326	176056	179759	179755
Fatty acid biosynthesis	180859	259414	180486	172869	3565680	172715	176005	171714	187666	177918	178677	173500	174963	176485	176534	171643	176785
Fatty acid elongation	181169	176216	182291	182292	174140	180037	183367	175895	183948	177905	184065	184337	178532	184934	177320	177321	191744	176756	186222	177787	178638	176376	172310	188513	174963	173300	176534	190207
Fatty acid degradation	181169	176216	180037	180859	176353	172358	183957	174180	175820	177905	184065	173162	173163	184167	173164	3565680	176005	185679	171714	176756	186222	174768	175691	177386	181668	178597	187001	173979	172351	179627	179628	174665	187666	178025	178638	177918	3565206	174161	176376	179026	178680	178677	172310	24104866	172367	181758	178543	173300	174912	171643	176056	176785
Synthesis and degradation of ketone bodies	174548	178956	3565206	174161	171738
Steroid biosynthesis	181681	186134	179771	181666	178563
Ubiquinone and other terpenoid-quinone biosynthesis	183101	181574	175969	179316	176473	178403	175729	174156	176099
Oxidative phosphorylation	2565704	181108	179541	174696	179661	259519	175904	177442	174428	173963	178219	172134	177786	172968	172969	175716	177856	180956	172582	172513	177243	180718	180692	184827	3565338	172832	172195	176828	180372	178830	174692	175605	177626	176008	175186	174482	177606	177609	174435	174992	174993	172216	177757	179223	179850	175693	176338	266653	174059	172933	173134	186814	176001	172673	181646	179690	176178	180862	187779	176383	174554	174272	173459	174712	260040	181611	172363	180534	176023	175248	188912	176772	174743	181374	172438	173237	172734	172137	176707	177017	177018	178735	174899	3564970	175038	175429	266824	175371	177103	176622	36805062	173279	177038	175397	3565081	175299	179728	191132	176257	178096	174596	172037	2565700	2565697	2565701	2565702	2565698	2565695	2565696	2565705	2565694	2565703	2565699
Arginine biosynthesis	177571	175130	177767	177768	177769	180897	177808	172252	172072	180875	174282	178505	172547	176407	181726	178452	178130
Purine metabolism	191639	173772	175525	179887	177469	191741	176118	183125	173891	178872	191657	177584	177576	183981	174511	173916	173902	181019	175608	175622	184797	191651	175843	172939	172744	178834	181317	180935	178381	179644	176851	179395	191656	174672	173843	187622	172466	180860	178028	176270	187757	191641	176016	174235	172051	171963	175613	173200	173202	191655	177893	172232	177457	176301	191652	191649	173323	178457	189639	176749	180573	190808	191648	175724	191647	3565372	177984	174608	191414	178237	191461	191643
Caffeine metabolism	178381
Pyrimidine metabolism	178160	175525	180818	181464	183546	177852	174385	181019	174040	178181	175843	172939	174701	186044	176851	172794	179395	187622	172464	180860	174553	176453	176301	180531	172392	189267	178457	172149	189639	177913	180573	3565372	191373	176077
Alanine, aspartate and glutamate metabolism	175130	180897	177808	172252	178872	172072	180875	183530	174385	174282	174778	179130	184746	178067	184935	178505	172547	174991	173510	176407	177897	181121	172466	181726	175613	172301	174414	181223	178452	176713	178130
Glycine, serine and threonine metabolism	175915	266887	180921	175012	174390	183902	175820	178924	180079	178960	172756	172486	186197	172376	174326	178387	177961	174012	172301	174414	177968	171775	173519	178304	3565775	181215	174155
Cysteine and methionine metabolism	174252	180016	177355	177354	180897	181209	175012	172072	181370	179617	171998	173838	174798	175936	180079	172756	185086	174438	181574	181393	179041	173269	186197	180434	179634	186587	186728	181423	172408	24104726	175107	174493	181633	174681	259617	181726	173403	172301	177389	188484	180361	174914	181215	181218	174155
Valine, leucine and isoleucine degradation	24104108	180344	181169	176216	177281	174548	180037	172358	172514	175820	177905	184065	178016	41656988	175766	174800	178956	172539	181026	173466	177841	185679	180596	176756	186222	175691	176908	181423	180992	177897	187001	173979	172351	178387	178638	3565206	174161	176376	179026	178680	172310	24104866	172301	172367	181758	173300	176716	180361	176056	171738	175503	174279
Valine, leucine and isoleucine biosynthesis	174326	181423	180361	173519
Lysine degradation	181169	180921	175662	180037	174045	3565069	174648	175820	177905	184065	185679	174564	186222	174768	175691	186255	186332	187001	178387	174358	176842	176183	175096	178638	3565206	174161	176376	179026	178680	172310	176802	266825	175918	179063	189244	173300	171797	176969	176056	179674
Arginine and proline metabolism	178350	180897	175908	172072	175820	171831	178170	185679	180080	180986	173269	175691	177519	173510	187001	179079	181380	181726	179026	178680	181417	171850	174914	176569	3565775	176056	172907
Histidine metabolism	175820	185679	181279	175691	187001	179026	178680	175887	174983	178460	176056
Tyrosine metabolism	24104108	173411	175779	175778	180897	183101	172263	172072	183911	183957	181574	181639	178597	174327	180918	179627	179628	181726	176473	172726	190243	176615	190586	176109
Phenylalanine metabolism	175779	175778	180897	183101	172072	181574	174401	181726	176473	176615
Tryptophan metabolism	24104108	181169	175779	175778	180883	175836	180037	180979	177499	175820	177905	184065	185086	185679	186222	174768	175691	187001	179329	178387	181633	179657	178638	3565206	174161	176376	179026	178680	172310	179063	173300	175086	175085	259738	176056	175280	191515	174227	179674
Phenylalanine, tyrosine and tryptophan biosynthesis	180897	172072	181574	174401	181726
beta-Alanine metabolism	180818	180037	177852	176353	175820	173162	173163	184167	173164	175766	174800	174040	175597	185679	175691	177386	181668	177897	187001	172464	176376	179026	178680	172310	173300	176713	176056
Taurine and hypotaurine metabolism	171619	180434	179271	180364	176713	178453
Phosphonate and phosphinate metabolism	181047	181021	172097	171770
Selenocompound metabolism	177466	179498	184440	180079	185086	178089	181633	174681	177893	173312	189912	190070	174155	176259
D-Glutamine and D-glutamate metabolism	175130	174282	172547	178130
D-Arginine and D-ornithine metabolism	3565775
Glutathione metabolism	178046	178771	353420	13190517	175525	181178	182513	183000	181311	183430	175467	171619	177498	171998	184364	173842	173841	184405	178693	184981	185299	185407	174438	24104550	177775	179271	177883	177884	177886	179079	174493	187537	187542	187615	187630	187645	176281	187817	179127	180364	179763	176301	177971	189017	179790	189332	176837	189679	178725	174914	175008	190224	190226	174863	178453	191563	191347
Starch and sucrose metabolism	173388	179813	177557	177632	172751	180644	172371	176814	173843	175091	3565201	177451	178777	180119	179604	176749	174924	173227
N-Glycan biosynthesis	179438	176032	181160	179562	182392	174542	178985	174633	179642	172360	172510	173912	177998	178189	179364	181005	180400	172370	179632	178822	175065	172208	175453	187398	179890	180787	174268	175886	177456	172855	175920	3565503	190436	176874	190668	177726	179185	176089
Other glycan degradation	178951	173574	183155	181517	184063	178535	180749	180550	187703	180533	188583	189173	173305	189716	177314	245995	181586
Mucin type O-glycan biosynthesis	176455	173114	175558	173109	180302	176736	178343	178661	176557	176647	176112
Various types of N-glycan biosynthesis	176032	181160	179562	178985	174633	178951	179642	172510	173912	181005	172370	179632	174400	175065	187342	172208	175453	187398	187430	179890	180787	174268	175886	180533	177456	175920	189716	245995	181586	190668	177726	179185	176089
Other types of O-glycan biosynthesis	180607	176455	3565069	179990	175558	176000	259529	180302	176736	178343	178661	176557	190668	176647	178968	176112
Mannose type O-glycan biosynthesis	182795	3565692	187206	188207	173469	189104	190668
Amino sugar and nucleotide sugar metabolism	179437	173762	180628	179120	175497	183400	173171	177717	177631	174778	172751	177678	178067	179484	173405	178364	186416	176272	4926919	176814	187512	173843	176760	188150	179029	180533	172508	173784	189507	176749	172033	173002	173227	175506	176388
Glycosaminoglycan degradation	175063	180533	188583	174383	173326
Glycosaminoglycan biosynthesis - chondroitin sulfate / dermatan sulfate	176231	176382	172851	173635	190099	174517
Glycosaminoglycan biosynthesis - keratan sulfate	178985	190668
Glycosaminoglycan biosynthesis - heparan sulfate / heparin	175562	181309	177675	178080	3564879	176502	176382	173635	190099	174517
Glycerolipid metabolism	182414	180452	266887	180824	175820	178928	181268	185044	177667	185679	180720	180519	175732	173734	175691	186262	186277	181671	179540	179853	187001	174068	179314	181241	173747	179031	179026	179398	178680	174071	189077	178730	175047	176056	179032
Inositol phosphate metabolism	172280	174762	178537	180871	172822	172620	172128	183790	179839	174800	172477	172778	181274	180443	181618	176757	172184	178284	177525	174586	176869	175490	177970	181428	174792	173236	172148	174844	174902	175344	176653	180770	191426
Glycosylphosphatidylinositol (GPI)-anchor biosynthesis	174736	172956	172285	174386	178019	179519	174377	172256	188131	172305	3565629	177765	172565	13184808	190940	3565275	171881
Glycerophospholipid metabolism	181905	181904	175565	176027	182181	173876	182374	182414	180452	3565046	181047	180703	180824	181021	178928	179105	181268	181252	184910	185044	177667	180720	181196	173272	180519	173734	178854	172097	186262	186277	181671	179853	172587	174068	179313	180600	176399	172457	181241	175339	177646	178931	174296	179031	179398	172509	188971	176776	174071	180354	181706	171770	171905	174916	174902	175074	171594	181211	176225	179032	178095	24105307
Ether lipid metabolism	182181	173876	182374	180704	179105	181268	181196	173734	172097	176758	180561	178931	174071	172120	180354	175192	173080
Arachidonic acid metabolism	178771	182181	182374	181178	182513	178176	171619	184981	181196	179271	187542	187630	177925	187817	180364	180354	175727	177123	191347
alpha-Linolenic acid metabolism	182181	182374	176353	173162	173163	184167	173164	181196	177386	181668	180354
Sphingolipid metabolism	181859	174131	177660	173389	177651	183002	173574	183155	183197	178535	181268	181790	185021	177548	266646	173734	180445	174001	178072	180743	173120	172650	187703	188169	172423	188583	179884	173118	174071	189124	176879	173305	175313	36805052	177314	173327	176857	189370	181323
Glycosphingolipid biosynthesis - lacto and neolacto series	190668
Glycosphingolipid biosynthesis - globo and isoglobo series	179660	180533
Glycosphingolipid biosynthesis - ganglio series	180533	188583	259455
Pyruvate metabolism	177108	178583	178524	175500	179616	183957	175820	174798	175936	179945	172744	179506	185679	179041	175691	176059	178597	187001	179627	179628	178387	172556	3565206	174161	3565996	179026	178680	175171	173500	174839	175079	176056	177984
Glyoxylate and dicarboxylate metabolism	175915	182258	178583	266887	177808	175500	180875	183469	178964	183902	177499	172514	175936	178960	178505	181026	179241	178965	179041	172486	180596	176121	176407	178963	178387	174012	3565206	174161	174414	176437	178452	175086	175085	259738	175503	181324
Propanoate metabolism	181570	180037	171951	175500	176353	177555	172514	173162	173163	184167	173164	175766	174798	174800	175252	172539	181026	175597	181280	180596	177386	181668	177897	178387	3565206	174161	176376	172310	173500	173300	176716	175503	174279
Butanoate metabolism	181169	174548	180037	177905	184065	178956	174991	186222	180992	177897	178638	3565206	174161	176376	172310	173300	176713	178733	171738
One carbon pool by folate	175915	174254	172681	177576	178960	177999	180935	181065	181064	174681	190922	172149
Thiamine metabolism	172979	176118	181317	177055	176258	174608
Riboflavin metabolism	182251	174547	13184830	182948	173896	172627	184165	184959	187789	3565030	188466	173897	177055
Vitamin B6 metabolism	24104108	172756	175973	172101
Nicotinate and nicotinamide metabolism	24104108	176217	182284	180884	177900	177996	13189316	172754	185876	181455	176851	177924	179385	189236	174846	177070	180573	176954
Pantothenate and CoA biosynthesis	172327	180818	177852	174040	179829	175691	181423	187001	172464	180425	176375	179026	178680	189061	180361	171657	175394
Biotin metabolism	172869
Lipoic acid metabolism	183473	3564813	177729
Folate biosynthesis	181823	173411	172681	175842	179472	181176	186073	174401	187534	176762	181225	188368	188966	175047	174227
Retinol metabolism	24104108	180404	181205	178940	183462	179492	183957	174507	178658	185500	179772	179540	178597	179627	179628	175591	187799	172603	188072	188073	181413	179578	179759	179755
Porphyrin and chlorophyll metabolism	180404	181205	178940	175661	183462	174507	185500	174002	172454	175591	187799	188072	188073	174712	174713	176860	181413	173326	174899	172904	179759	179755
Terpenoid backbone biosynthesis	172820	172190	176047	172106	179946	178956	179508	3565253	176142	187374	176840	173075	266904	3565206	174161	175863	175078
Nitrogen metabolism	177808	180875	178505	176407	181713	180972	180890	189049	181223	178452	191515	178130
Sulfur metabolism	181209	177783	179617	178374	173838	186587	186728	181638	175107	259617	177893	178360	173241	189421	173777
Aminoacyl-tRNA biosynthesis	13192661	181843	181866	13189644	181879	181881	13189176	181906	13219319	13219317	13219321	181932	181933	181934	13195205	181939	13224406	181960	176334	13187099	182002	182003	182021	13190560	192048	13220012	13223252	182101	182102	182111	13222779	182132	13221033	192049	182187	13185580	182186	13223701	182199	13219005	182206	13181583	182218	13222754	182249	182250	182269	182270	182271	182277	13217001	3565294	3564972	3565718	182323	13196608	182332	13224578	13224576	182338	182339	182340	182341	13190306	182345	13193435	182444	13192646	13212847	182504	182518	182523	13181429	13181431	182527	182528	182529	182530	182531	182532	13187966	182560	13190346	13190343	182598	182599	13220978	182620	13182391	182631	13220125	182652	182653	182654	13184337	260069	260070	13213943	13213948	13213941	182691	182692	182690	13224802	13224801	182695	182696	13182195	13182198	3565310	3565599	3565866	13221672	182763	182764	182787	13191459	182865	172884	13220623	182898	182899	182900	182901	13223932	182946	13180438	182955	13184831	182950	13189208	13189216	13189214	182973	182974	182975	13222007	13222002	182991	182992	182993	182994	183009	13223506	183018	183019	183020	174023	183052	183089	13223728	183171	13223729	183246	183277	183282	183283	183285	13182960	183287	13188023	183308	13221638	13221633	183339	183340	13223596	13223600	183360	183361	13222944	183374	13220500	183407	13196152	183421	183422	13185601	183432	174790	177859	183554	13222045	13222042	183577	183578	183579	183580	192050	183616	13185637	13185635	183732	183734	13223359	183749	183750	183751	183762	13221411	183871	13188924	183873	13222031	183893	183894	179498	13181267	183982	13220734	184011	184012	184013	13224493	184070	13223515	13223510	184087	184088	184089	184100	13200804	178375	13221824	13221827	184193	184194	184195	13198581	13198585	13198583	184207	184208	184209	13222412	184222	184223	13185128	13185124	184288	184289	3565124	13222580	184326	184327	13217342	184339	175984	13221921	13221924	13221932	184380	184381	184382	184383	184384	184385	13202366	184433	13181412	184444	184445	184448	184449	184452	13191686	184474	13216763	184501	13220284	13220282	184520	184521	13216025	184524	184529	13222275	13222277	184546	184547	184552	13221855	184609	13223385	184626	184637	184657	184658	184701	13217005	184754	184762	174351	13190552	13190543	184816	184817	184818	184819	184820	172442	13221717	13221721	13221711	13221713	13221723	184852	184853	184854	184855	184856	184857	184858	184859	184860	13182696	184869	184870	13224599	184877	184881	184898	184899	13221123	13220300	184932	184933	175659	13213506	185007	185016	13221559	185020	185026	185070	13217017	13217021	185073	185074	185075	185076	171985	13223745	185088	185089	185090	185091	185092	185093	185094	13191964	185113	13180993	13222623	185145	185162	185184	185195	13180380	13180373	185231	185232	185236	13222247	185246	13220046	185251	13186525	185327	13214378	13214380	185359	185360	13224517	185471	185472	13219070	185475	185476	13224158	13224154	185485	185486	13189735	185577	13192025	185588	13221803	13221800	181092	185614	185615	185616	13189757	13189755	185659	175869	185666	185672	13222367	185683	13190490	185687	13220417	185694	185712	13214347	185722	13191770	185815	13224161	13220782	13220784	185879	185880	185884	13222085	13222087	185937	185938	13179355	185948	185983	13187496	13187498	13187500	186020	186021	186022	186023	13182008	13182006	186037	186038	13198774	13198775	186040	186041	186042	186043	13189518	186099	13224467	13224458	13224456	13224465	186119	186120	186121	186122	186123	13219631	186135	186136	13181316	186154	13218901	186183	13183567	13222986	13222988	186256	186257	13223639	13223637	186319	186320	13223009	186334	186335	13179147	186368	13183556	13183559	13219161	186405	186396	13180468	13180470	186402	186403	13215578	186455	13223095	13223096	13217399	13217403	186471	186472	186473	186474	178089	186502	13224562	13224569	13224560	186609	186610	186611	13223541	186697	13222098	13222102	13222104	13222096	13222100	186702	186703	186704	186705	186706	13183629	13221904	13221906	186803	186804	13188935	186829	13221915	13221917	186833	186834	186835	186836	186837	13223319	13223317	186859	186860	13181184	186871	13191898	186876	186899	13218788	186884	13215280	186930	13219206	13189871	186956	186966	186977	3565507	13189969	13189973	186983	186984	186985	187042	13214406	187049	192092	13181553	187084	13187028	187104	13224555	13224551	187134	187135	13198660	187163	177237	187179	187187	187205	13222677	187207	13215878	187258	13213448	187289	13223629	13223616	13223625	13223627	187298	187299	187300	187301	187302	266951	13190948	13190946	187309	187310	13190331	3565774	13188648	187372	187373	13182739	266848	13219780	187403	187404	13184668	187414	13223855	187497	187464	13223219	187513	187527	13223763	187538	187539	13219596	13219597	13223449	13223451	187580	187581	187582	187583	187584	13221993	13221994	13221990	13221982	187586	187587	187588	187589	187590	3565296	187593	13197771	187744	13224437	266896	187793	187794	187795	177926	13219626	13219621	187800	187801	187802	187820	187821	187906	175538	13224477	13224472	13224470	13224475	187923	187924	187925	187926	13222602	187939	13198153	13198154	174159	13182271	188002	13217503	188020	188030	13182748	188059	188060	188061	188062	13222900	188068	13184050	13184048	188093	188094	13213239	13213240	13222406	13222408	188204	188205	188206	176860	188230	188254	188255	13221398	188268	172311	13180483	188319	188320	188349	13224139	13224137	188366	188367	188363	175703	177978	177979	13183503	188495	188501	188504	188529	188551	188579	13215137	188595	176024	13187477	188682	13223667	13181891	188712	188713	188714	188715	188729	13186192	188737	188753	266911	188755	185518	188759	13216983	13216981	188803	188804	188820	13222066	188878	188879	13224538	13224536	188893	13185040	188898	188920	13224540	188973	173117	13221118	189030	13221122	189041	189043	189044	189053	13187130	13187131	13220214	174749	13212010	13212006	189128	189129	189132	177200	13187325	189150	189174	13219364	13181355	189241	13217534	13217529	189264	189265	189266	189286	13191292	189317	189318	189320	266849	266850	189347	189348	260291	13206639	13205888	190884	190885	13207264	190904	190905	190906	190907	173311	173312	13181743	190942	190943	13218617	191013	13188435	191048	189465	189478	13188548	260270	260271	171821	189542	189543	13217489	13217490	13220573	13200205	189608	13189650	13189647	260273	13192696	192095	13192675	13192676	13181989	13181990	13187539	189669	13218785	189682	13191185	189713	13218417	13218423	3565802	3565381	13179480	189767	13196648	192093	13204363	13204365	189811	189812	176982	178415	189857	189858	13191719	13191717	189862	189863	13187546	13187547	13218996	13218997	190070	13191584	259537	13193931	189357	191759	13193978	13186453	13209287	190161	190162	190163	190164	190165	13209288	13183638	190172	13182323	13182325	13182327	190198	190199	190200	13186574	190202	13192465	13192471	190286	190287	190288	190289	190290	13192064	190319	13187420	190347	190354	190368	190380	13219403	190414	180303	13212669	13208934	190480	190481	190482	190483	176578	13191400	176590	190502	13188540	13192425	13192435	260284	13217516	190564	3564975	13219026	13196035	260289	13204933	13204894	190690	178427	190692	266907	190726	13191803	13191804	13192206	13224342	13224339	13224344	13224352	13224350	189389	189390	189391	189392	189393	13208897	13208894	13208867	189397	189398	189399	180231	260290	173224	13188421	13188419	260255	3565031	13179367	171720	13179280	190811	13182015	190812	266914	13212561	191086	13216706	191165	191166	172904	13220481	191173	13215925	191179	179184	13186393	191518	13221593	183542	266946	191233	191234	191232	13218204	191274	260193	191216	191339	172499	13219920	191353	13198413	191365	13184925	13184922	191368	191369	13224334	13224325	191396	191397	191398	13224332	13190202	191424	191433	13222200	191459	13186758	13186753	266864	191475	191476	266863	13214026	13214022	13214024	191487	191488	191489
Metabolism of xenobiotics by cytochrome P450	180404	178771	353420	13190517	181205	178940	183000	183462	177498	183957	184364	173842	173841	184405	185299	174507	185407	24104550	185500	178597	177883	177884	177886	179627	179628	175591	187537	187615	187645	176281	187799	187817	179127	188072	188073	181413	189017	179036	189332	178725	175008	190224	190226	179759	179755	191563	191347
Drug metabolism - cytochrome P450	24104108	180404	178771	353420	13190517	181205	178940	183000	183462	177498	183957	184364	173842	173841	184405	185299	174507	185407	24104550	185500	179845	178597	178596	177954	177958	177883	177884	177886	179627	179628	175591	187537	187615	187645	176281	187799	187817	179127	188072	188073	181413	189017	189332	176491	178725	175008	190224	190226	179759	179755	191563	191347
Drug metabolism - other enzymes	178160	180404	353420	13190517	175525	181205	178940	180818	183000	181464	183462	183546	177852	178910	184364	173842	173841	184405	179020	174040	178181	172939	185299	174507	185407	24104550	185500	174701	186044	178381	172794	177883	177884	177886	174672	175591	187537	187615	187622	172464	187645	176281	187799	178633	179127	188072	188073	176453	181413	177457	176301	189017	189332	173323	173326	177913	178725	175008	190224	190226	175724	179759	179755	176077
Biosynthesis of unsaturated fatty acids	182291	182292	174140	183367	176353	175895	183948	174181	173162	173163	184167	173164	179100	184337	178532	184934	177320	177321	177787	177386	181668	180950	188513	178122	180162	190207	174881
Metabolic pathways	2565704	191639	178160	179437	172280	178046	181823	172979	181859	24104108	174252	180344	174131	181169	175995	181905	175562	181904	175565	173772	176217	176216	180404	174762	178537	176027	176032	179795	181160	173411	174736	172956	178350	178723	173762	180016	178771	177281	353420	13190517	175525	179562	181108	182181	177108	180628	173876	182251	174548	174547	179120	175915	182258	175779	175778	178583	181570	182284	177571	174254	182291	182292	179887	177355	177354	177469	179541	182374	182392	182414	174542	180871	180452	175130	177660	174696	177767	177768	177769	178985	172327	181178	182513	266887	174633	259519	178951	180897	180896	180921	174140	180884	180883	175908	175904	172822	181205	181209	177442	178940	174428	182795	173389	173388	181140	177900	180818	173963	175661	175662	178219	172285	13184830	182948	191741	177808	175836	183002	183000	176118	180037	181464	172430	172134	178524	175012	183101	174045	183125	171951	172252	177786	177783	173574	183155	3565046	172968	172969	172620	174390	183197	175716	173891	181311	172263	175497	175500	172681	181528	178872	176455	181047	183367	178176	183400	183430	172072	183462	180875	183469	183473	191657	175467	180859	172128	183530	173171	183546	177852	176353	181370	177584	179813	173393	259414	179335	177557	177555	180703	180704	179642	178964	177717	180956	171619	173114	180979	183790	172582	180824	172360	172358	177576	179839	175895	180485	183902	183911	179498	179616	179617	177499	183948	177498	172510	172513	172514	3565069	183957	174385	174386	174648	177632	177631	174282	171998	183981	174511	177243	174181	174180	173916	173896	175827	175820	177906	177905	184065	178016	178019	41656988	180718	172627	178374	174778	174781	184165	173162	173163	184167	173164	173902	177675	181021	181019	178928	178924	176047	176043	180486	173912	173911	175766	179105	179100	175608	172869	184337	178535	178532	184364	173842	173841	173838	178080	184405	174798	174800	181268	172477	177996	177998	174040	184440	172751	179519	175622	13189316	179130	178181	181790	180692	175936	184746	177678	184797	178067	180079	184827	191651	178693	179945	175252	184910	178960	178956	175843	175842	180429	184934	184935	172939	172744	179829	184959	178505	36805006	184981	3565338	172832	172754	172756	172195	172539	181026	185021	173466	185044	174377	178189	3565680	185086	176828	179484	172778	172547	181274	180372	177841	178830	178834	179506	179508	179472	172715	174692	172256	177548	174578	185299	175597	175605	175598	178170	177626	180443	174507	178658	185407	174438	176008	176005	24104550	181317	180935	181618	185500	174701	179364	175186	179241	177320	177321	174482	177667	181574	181393	177606	177609	185679	172655	266646	191744	178965	174435	174991	174992	174993	179041	172216	185876	181455	180720	181196	181280	181279	173269	171714	173405	181005	177757	181176	186044	180519	186073	172486	178364	175732	180400	179223	180596	186134	174564	176756	176757	173734	179850	180445	186197	186222	174768	172097	175693	175691	179772	186255	186262	176121	186277	172184	178381	177519	186332	176338	176908	180644	173510	180434	177787	186416	172370	266653	172376	172371	175973	175969	172101	179644	178089	174059	177386	179632	179634	186587	176272	177775	172933	181668	181671	174001	186728	181638	181639	176059	179271	179540	178072	178597	173134	179853	175558	178822	178284	186814	174326	174327	176502	181423	176851	172408	180743	180992	176407	4926919	177897	187001	176001	173979	181713	174068	179329	172351	176142	172794	172673	266822	179316	24104726	181065	181064	172454	176814	177883	177884	177886	174400	174401	179395	3565692	181646	187206	175065	175063	178963	180601	3565504	180918	175107	179079	173120	179627	179628	187342	178387	172208	175453	3564813	187398	181121	180950	187430	191656	174358	174672	181380	174493	175591	176231	187512	176842	181633	174681	187537	187542	179405	179404	179690	172650	176183	176178	187615	173843	187622	177525	187630	175096	175091	173075	172464	172466	187645	179660	179657	187666	181241	180862	180860	178028	176270	187700	259617	187703	178638	177918	187757	177961	176281	179890	187779	176382	176383	187789	172556	187799	177924	177925	179741	173747	187817	174012	191641	179127	176016	174235	180972	3565030	174553	174554	172051	177646	181726	173403	174586	174272	3565206	174161	173459	180364	171965	171963	176762	176760	176758	180787	175613	3565201	173200	173202	188072	188073	177451	178931	176788	188131	176375	176376	3565996	179031	179026	188169	174712	179398	181225	188207	176860	176869	179385	176453	260040	181413	191655	173469	179763	178680	178677	172310	24104866	174268	172305	172301	174603	181611	188368	172363	172367	175887	175886	176802	266825	177389	188466	180890	188484	174414	180534	180533	177893	3565629	188513	173109	173897	188583	172232	177765	176437	176023	174423	176473	177235	172565	174383	177457	177456	178777	179884	181417	176301	175490	180531	175248	172851	172855	177968	177970	177971	188886	180119	181758	172508	188912	175920	175918	191652	259455	188971	188966	176772	176776	173118	13184808	189017	174071	189049	181428	174792	174743	181374	178122	172438	189104	172392	189124	179063	178730	191649	176879	172120	179604	175171	189236	173784	189244	180162	172726	189267	180354	181223	179790	173500	173236	173237	174963	189332	172734	178452	173305	173312	173300	173323	173326	190922	178457	190940	173635	172137	172149	172148	180302	174846	174839	174844	4363084	189507	175313	177202	178360	176707	176713	36805052	171770	171775	189639	176837	177017	177018	189679	176485	189716	176716	176736	171797	175047	176982	176969	178415	175863	177913	176749	180361	189912	178343	178735	178733	178725	174914	174899	174924	174902	178661	176557	176569	172033	176534	175079	175078	175008	174983	173220	171594	175344	3564970	177314	190099	175192	245995	175038	178460	173519	3565275	173080	190207	190224	190226	175429	190243	266824	171881	173327	175371	175086	175085	259738	177070	177103	176622	176615	3565503	174863	174881	178403	36805062	178398	190436	178304	173279	171657	171643	176590	176874	176857	177038	3565775	176056	189370	173241	181586	175280	190586	171839	171738	180583	180573	175397	3565081	175394	190668	176653	176647	176785	176954	181666	178453	175299	173227	177055	190808	189421	179728	191648	191132	181215	181218	175727	175729	175725	175724	177726	177729	191647	177123	172904	179759	179755	181211	179185	180770	175503	175506	191515	174155	174156	174227	174517	191563	179032	173777	181324	181323	191347	3565372	177984	176388	176257	176258	191373	176099	174279	174608	176089	176109	176112	191414	176077	191426	178096	178130	179674	174559	178237	191461	174596	191643	172037	2565700	2565697	2565701	2565702	2565698	2565695	2565696	2565705	2565694	2565703	2565699
Carbon metabolism	178046	175995	181108	177108	175915	178583	181570	266887	180897	181209	172430	178524	175012	172252	172968	181311	175500	181528	172072	183469	176353	173393	179335	177555	178964	183902	179616	172514	175827	177906	173162	173163	184167	173164	176043	175766	174800	172751	175936	179945	175252	178960	172744	36805006	172756	181026	174692	174578	175598	179241	174482	172655	178965	179041	181280	172486	180596	176121	172376	177386	186587	177775	181668	176059	178597	174326	266822	178963	180601	3565504	175107	178387	259617	174012	176016	181726	3565206	174161	171965	176788	176376	3565996	260040	174603	174414	176437	174423	177235	177971	179063	178730	173300	174844	177202	175079	173220	173519	175086	175085	259738	178398	178304	180583	173227	175503	181324	177984	178130
2-Oxocarboxylic acid metabolism	177571	177767	177768	177769	180897	172430	172252	181311	181528	172072	175598	172655	176121	177775	181423	181726	176437	180361	181324
Fatty acid metabolism	181169	176216	182291	182292	174140	180037	183367	180859	176353	259414	172358	175895	183948	174181	174180	177905	184065	173162	173163	184167	173164	180486	179100	172869	184337	178532	184934	3565680	172715	176005	177320	177321	191744	171714	176756	186222	177787	177386	181668	173979	172351	180950	187666	178025	178638	177918	3565206	174161	176376	178677	172310	24104866	172367	188513	181758	178122	178543	180162	173500	174963	173300	176485	174912	176534	190207	174881	171643	176785
Biosynthesis of amino acids	175995	175915	177571	177355	177354	177767	177768	177769	180897	181209	177808	172430	175012	172252	181311	181528	172072	180875	181370	179335	179616	175827	177906	176043	180079	184935	172744	178505	172756	174578	175598	172655	186197	176121	177519	172376	186587	177775	174326	181423	176407	174401	180601	3565504	175107	181121	181380	174681	259617	177961	176016	181726	171965	176788	174603	177389	176437	174423	181417	181223	178452	174844	177202	180361	173519	178304	180583	181215	174155	181324	177984
Biosynthesis of cofactors	181823	172979	180404	179120	175915	177355	177354	172327	180883	181205	178940	177900	175661	175836	176118	181464	183101	172681	178872	183400	183462	183473	181370	177499	174385	171998	174511	172869	13189316	175842	172939	172744	179829	172754	172756	179484	179472	174507	174438	181317	185500	174701	181176	186073	178364	175691	175973	175969	172101	181423	187001	179329	179316	181065	181064	172454	176814	178387	3564813	174493	175591	187622	172466	179657	187789	187799	3565030	172603	188072	188073	176375	179026	174712	181225	176860	176453	181413	178680	179578	177389	176473	188966	172392	189236	189267	173326	174846	180361	174899	172033	177070	178403	171657	175394	176954	175729	177729	172904	179759	179755	177984	176388	176258	176099	174608
ABC transporters	181276	178939	172262	174126	174127	180165	179968	183971	171782	181587	181415	184845	181416	181327	174204	180056	180408	180409	178215	24104835	179056	181278	171639	176540	178559	171694	190115	171807	181326	172288
Ribosome biogenesis in eukaryotes	172978	175994	179116	175911	179411	173100	191736	179938	172883	173169	172420	171749	174511	174038	172830	172192	172780	13183155	13183153	13183158	13183156	175731	172182	186322	172224	177349	174329	176503	176504	179442	172838	171883	174645	175145	179999	172610	176863	24104875	172624	41657018	13215139	3565801	13217852	171901	175218	13217740	13217742	13217744	13217730	13217732	13217734	13217736	13217738	173322	171811	176488	175059	178346	176531	175071	174974	173520	190203	171874	176636	178851	36805064	176577	176870	171866	176646	172902	174151	13217726	13217719	13217721	13217723	13217724	13217728	173779	259525	179160	178207
Ribosome	172074	181833	180343	181917	175796	175628	175235	178352	172815	172818	175912	180044	172201	174695	176146	175901	175879	175666	179154	179153	173873	176197	171949	172401	178173	177583	171750	175460	172062	172061	183940	179721	24104384	180535	184267	174311	174166	175501	172479	172943	174379	178188	185109	13183155	13183153	13183158	13183156	177549	185243	172693	176011	176007	176006	173342	178083	174699	177503	3565999	185803	172617	175338	171602	174371	172094	172095	175786	180748	176903	3565469	178538	175584	172204	175413	178279	186840	177365	187087	187141	176891	259526	175455	187375	179739	187843	176071	176015	3565661	179998	174588	180368	188040	178012	172805	176858	172313	188274	24104875	188492	178778	179230	179229	174443	173400	13217852	175141	175359	179711	173235	176495	13217740	13217742	13217744	13217730	13217732	13217734	13217736	13217738	173309	172921	172052	177203	189618	171766	171767	176482	176975	177481	178342	175070	174976	171692	171889	13187936	178408	190379	178297	173260	171853	171710	176176	172901	176718	13217726	13217719	13217721	13217723	13217724	13217728	176097
Nucleocytoplasmic transport	179607	178353	177735	177283	172813	174546	182462	191736	179938	175900	175534	174333	176115	176114	179467	172030	177581	3565440	174779	172864	177738	173383	184953	172110	173013	3565767	175975	177533	172713	172258	172345	179371	171954	173601	172156	186377	175443	176503	175244	177836	266820	174823	178157	181044	175094	174663	175572	174232	173073	179783	172611	173460	174418	188661	172348	3565801	173203	175735	189617	171774	176966	176748	171621	171696	176623	190485	177039	171866	175382	177397	176957	175852	179160
mRNA surveillance pathway	177735	177283	172814	182242	174546	182476	179526	191736	179938	175534	172768	182875	172886	174333	177561	177489	172030	172418	177710	173922	173921	179103	178151	181473	177738	182490	184953	172826	174378	174380	173013	179486	178835	172258	172345	178117	181721	174816	172657	174436	179371	175750	174561	176742	3564807	175442	179537	175244	172672	178157	175092	175572	173073	175514	246008	179783	187888	171960	179028	174418	177260	188472	174513	188557	188661	173203	180100	172082	172920	179458	171696	175367	190485	178285	171866	177435	177397	177003	191467
RNA degradation	173773	175269	172863	177875	176061	3565889	174634	175669	178873	177580	179335	178017	181473	180047	173618	180369	175974	174193	176012	174700	174808	178321	175971	186604	187256	179833	174423	177824	172920	180315	175316	175059	176532	175071	173517	176924	176614	176625	178303	259488	190601	180583	177403	177393	178184	177988	176391	172735	24105309
RNA polymerase	174630	182648	175668	172680	177491	172321	175767	172752	184886	175660	177190	174208	176362	172412	178823	175056	189252	172081	171763	171916	175015	171877	176950	179178	179418
Basal transcription factors	175791	173764	181704	192052	174175	172552	172676	260198	180698	173602	174765	192053	3564983	172451	178893	176838	171630	176798	176421	176054	178544	173257	173498	176682	176686	192051	180243	171784	190078	175190	190298	176584	178431	176425	174524	178502
DNA replication	182229	180010	179502	178259	179967	177673	179652	178077	174238	177682	175976	178831	173368	174809	176131	176358	176946	186576	3565940	172092	176439	179688	175552	266861	188846	175921	173122	177161	174841	171793	176544	171917	175152	13185652	176385
Spliceosome	177735	177283	175117	176368	176063	4363023	172757	175900	176613	172015	174333	246007	177566	191627	183250	172030	175469	176153	173394	171970	179639	179640	179499	179500	172639	173920	173915	175818	177674	181319	173606	178147	3565569	179140	177738	184953	172330	178507	180047	174193	177840	172713	172258	174579	172345	177101	174805	174806	172999	179524	176943	175771	178091	179897	179857	173767	172406	176409	176002	176003	179443	177182	177181	13198908	172214	176461	178979	178157	174645	172652	175572	173073	174394	173460	175549	180069	24104882	179833	188435	174364	176847	179598	174072	174747	174748	178542	259655	173440	173204	178546	172146	176688	178487	178489	178483	174901	171922	176668	3564851	24105155	180180	178303	190485	177037	175281	171834	190601	177393	180232	175270	176343	174150	175851	177988	176103	176090
Proteasome	172977	176161	172324	179726	179941	175877	176196	172679	24104302	173168	179641	3565888	178943	179493	173807	173384	175925	172942	178988	185404	172674	177753	175403	172238	175972	176273	173334	173744	176978	172009	174715	171975	177455	189032	13181077	172139	175284	173858	176661	176588	174786	174571
Protein export	173207	180880	174429	182863	172967	173625	259584	179236	179510	171711	185438	174203	179686	176133	179781	176703	177027	171876	176919	178407	173278	176293
Base excision repair	179502	3565967	177673	179652	178077	173368	179688	173069	187770	174291	175921	177161	171917	175152	176633	266823
Nucleotide excision repair	179502	178259	174793	179967	177673	179652	172867	178077	174238	175976	173368	176131	174198	173602	181674	186441	176946	186576	187120	172092	178156	176838	179688	176421	175921	177161	171784	190078	175190	175152	190298	176584	178431	177002	176425	174785	179358
Mismatch repair	179502	178259	179967	179652	178077	174238	175976	176131	176765	176946	186576	55285961	171938	172092	179688	176783	177161	171914
Homologous recombination	172027	179652	178077	174238	173370	172929	186576	175959	172092	179688	178201	179678	172728	190999	175284	177914	174978	3565793	176631	179488
Non-homologous end-joining	176067	175578	179678	176546	171917	179488
Fanconi anemia pathway	177415	176065	172027	174793	172867	174238	176209	173370	175600	185330	175337	172157	186576	55285961	172092	178201	179383	176783	189113	175809	178418	177914	174978	176631	174275
MAPK signaling pathway	191743	172246	177460	177943	173880	191704	175909	259649	180873	177111	172757	179424	181055	181168	180707	177709	181344	177016	174875	176914	181556	177513	181045	172581	181166	173904	3565569	180708	175625	181157	179469	178507	181524	173128	185682	177611	177610	175545	174805	174806	181457	172842	180446	179572	24104671	181289	186939	181004	178306	181043	174233	175954	174623	172647	181576	176866	180929	177894	175182	175862	179557	178846	171933	189074	176808	190882	177244	179462	3565400	180263	176968	171872	175410	176855	177436	191169	180773	174462	178104	3565407
ErbB signaling pathway	172167	174762	177460	180873	179424	181055	172135	177016	183461	179527	181166	181524	185682	175545	3565745	181004	177921	180419	181261	187536	3565956	174586	176866	178846	189074	172141	173149	3565400	176968	176554	178465	171872	177436	171722	191169	180773	174462	180690	178104
Calcium signaling pathway	178537	182041	177943	175909	180565	175221	178918	179715	176149	180922	182789	183056	183197	172128	177858	177513	183595	181045	181166	173929	180714	175622	184917	181274	177546	181563	185545	172914	175893	179572	181716	181289	186855	177362	186916	176989	181645	179080	176512	177921	171751	177143	177004	177524	177525	171687	187678	176074	177648	174586	173200	177945	180929	175182	178614	4363086	188774	176773	189112	177795	180318	175341	179962	190101	175201	177092	177089	181217	174462	3565407
FoxO signaling pathway	191743	174762	175793	177460	181748	179424	176143	181053	181055	174050	180978	183975	172632	180431	181524	177611	177610	175545	175749	181492	266900	173956	179538	171993	180475	176230	176380	172556	177924	175815	172981	174556	181727	180040	176866	176869	180663	178846	175171	176808	181697	172141	3565679	180326	174941	177994	176552	3565793	171872	175086	175085	259738	175410	180185	171838	177436	177965	191169	174462	178104
Phosphatidylinositol signaling system	172280	174762	178537	182041	180871	180452	179715	172822	182789	3565046	172128	179839	181166	172477	172779	172778	181274	177546	180443	181618	185545	177667	172221	180720	176757	186262	172184	178284	186916	174068	177143	177525	174586	176869	177945	178614	175490	177970	181428	173236	172141	172148	174902	175344	173241	190605	176653	180770	191426
Neuroactive ligand-receptor interaction	180565	180922	181598	183056	7040157	183595	183715	3565335	173929	3565717	180714	172914	175893	186230	175783	181716	179347	173398	180002	188499	176472	188774	175322	175341	179962	189837	176691	176694	191240
Ubiquitin mediated proteolysis	181979	174257	182321	182322	179409	177170	191765	177855	178496	178494	178493	178495	174217	176466	174388	181321	174314	175205	175982	179454	175840	172941	3565767	185243	175604	172697	175185	180081	174198	172773	172775	180148	175749	186057	173729	179612	179878	260116	186377	176363	174674	175413	176139	187141	176816	178214	54162166	174058	180419	178156	178006	175985	173072	172344	181446	181445	174295	172303	24104882	24104970	24104987	174698	172733	178447	178547	259424	173637	172145	177138	191763	176515	176605	178840	178839	3565580	173354	177073	191762	171647	176583	177084	171734	190775	173228	171719	190802	176718	174516	179358	176806	179413	172737
Sulfur relay system	172979	179617	173838	176826	179483	177607	13191153	186728	187263	188966
SNARE interactions in vesicular transport	181891	176031	178349	259698	191767	176044	3565871	175187	181505	179611	180456	176743	176233	187425	177647	179055	266648	188497	172663	172140	178397	259570	177041	175712	3565852
Autophagy - other	172280	172167	175793	177770	182509	174050	176150	183959	180717	178117	179246	174067	180949	178005	177345	178561	176921	180311	177040	171735	190617	190777	3565022	174827
Mitophagy - animal	172978	177460	181053	174050	174875	180175	174986	173918	184409	175625	175840	185243	180359	181334	175413	187141	176816	177238	174231	172981	172610	181576	174714	176866	177345	178561	174834	175310	171735	171722	191169	176718	173990	177989	176101	178104
Autophagy - animal	172280	172167	174762	175793	177460	178349	176825	180912	177770	182509	179424	181053	180931	174050	178620	174305	174875	179637	180978	171935	176150	183941	183959	180717	175625	174236	181524	179815	177546	180667	185355	180359	178117	179246	175545	176470	179053	181334	172842	176327	179645	180947	180475	176233	174067	187322	180949	178005	176230	3565956	181444	187901	181727	180111	176866	176869	180996	180033	177345	178561	175490	174726	172663	174834	178613	178611	178612	190882	172847	172141	178084	189585	176712	171769	176554	171872	176921	180185	180311	177041	177040	171735	190617	174953	190777	191169	177989	178104	3565022	3565407	174827
Protein processing in endoplasmic reticulum	178040	180974	177460	3565222	174624	174257	180724	172757	175472	176147	180880	175532	174429	177902	176195	174305	174309	191765	177857	179971	178496	178494	178493	178495	179642	180983	174217	172510	176466	179653	3565569	178078	177998	172434	3565860	171804	172915	178507	172833	180049	179510	173341	179364	174203	174805	174806	180081	179720	181405	172773	172775	181334	180148	181007	180400	173729	176241	179612	172986	260116	173028	172370	172373	176363	24104671	173952	3565577	177253	172433	179272	172641	180746	172799	181004	176816	178214	54162166	172208	178006	181446	181445	176018	175541	180787	181576	180423	180422	3565862	178014	174295	176866	174268	172303	175886	181422	174514	177343	177456	174033	178447	173298	173325	259424	173637	180317	171769	191763	178997	177028	177027	178840	178839	173065	176664	171870	177072	176616	176626	178407	191762	173278	171865	176957	174953	173228	177057	177726	191169	181210	178183	174515	177217	174785	179358	176187	176390	176089
Lysosome	174131	172171	180912	182251	174547	181174	180931	178219	13184830	182948	177651	183002	172134	173574	183155	181517	174308	179637	173896	180719	172627	179559	184165	176166	178535	174802	184466	184959	185021	178989	171829	179815	177626	185355	3565543	173818	179240	174204	179053	191744	179223	186194	179771	172180	180749	179645	180947	176316	175063	173120	173121	191766	180939	179818	172457	180550	179660	180860	187779	176383	172553	181444	175426	174272	180111	181189	180033	188466	180534	180533	173897	188583	176434	174383	192062	179714	174743	176879	189173	171639	189194	178613	178611	178612	173701	173304	173326	181572	177018	175938	171691	176673	177314	190115	190242	177103	177044	176787	3565150	179249	181323	172288	178563	176257
Endocytosis	175801	182050	181644	173876	180468	182286	177616	177617	182474	172757	176609	175672	172264	175650	180449	183522	179838	174091	178944	171935	177497	180175	175823	184091	173927	173914	3565569	181253	179520	181212	171801	178507	172755	180667	179242	174805	174806	191609	171601	180446	175783	172184	173998	172369	177595	177797	173954	174000	172643	176140	179440	179737	171882	180419	177142	174673	174323	176179	174233	176410	174010	180713	181577	172078	172306	179832	177815	181163	177764	176434	172528	266836	174442	173137	173863	181428	173143	175223	174834	4363014	189240	179010	176499	191608	174848	179462	189590	176697	176490	177603	174908	176560	190025	178458	190219	178217	190399	171654	171647	173231	175247	171857	175376	3565442	173229	171722	171719	174462	176424	173985
Phagosome	172280	181170	180912	177617	177111	177440	177442	178219	172134	181344	175519	178260	175419	173167	175461	184569	172593	180692	172831	172755	179510	172717	177626	185538	174680	172216	177757	179223	180456	176338	176501	186939	180767	187779	176383	174272	180111	179533	179534	179535	179680	179832	179055	180534	172041	176793	176568	174743	174834	172137	178997	177017	177018	177027	3564970	177103	178407	175504	181036	176390	176257	191455	174596
Peroxisome	174758	181682	181748	180921	174141	182644	181140	174392	175719	181311	174126	174127	180859	183530	353387	176353	179968	177498	174181	173162	173163	184167	173164	181331	266858	172632	177996	179130	184650	184746	180429	3565680	174192	179508	175597	178658	176005	179241	185624	171714	176239	179772	178381	176336	186486	177386	177775	181668	180950	174665	187666	178026	177918	24104835	178677	179056	174414	3564939	180126	173657	175863	174916	175192	175086	175085	259738	174881	171643	3565775	171738	180582	176785	191563	173776	191323	191350	178503	178094	174559
mTOR signaling pathway	172167	174762	178536	180464	259649	176065	177770	182509	179424	181055	177442	266854	173894	183461	180978	181166	177997	180692	174134	178768	181524	3565035	185331	179217	175545	172216	175749	177532	179223	176755	176327	176338	179853	180475	173399	176230	180685	187536	180393	3565956	177932	187904	181727	172647	177012	176869	175548	180534	172856	174726	178846	177821	181697	172141	172137	173149	178084	175742	171677	177017	176748	176554	3564970	178458	176526	174527	171872	175410	190339	174871	180185	180311	173260	171832	177436	176957	179177	178104	174596
Longevity regulating pathway - worm	191743	172167	174762	177460	353420	13190517	181748	179424	179422	183000	178522	174050	178873	177560	177368	180978	3565967	181321	172632	179100	181263	184364	173842	173841	184405	173041	181524	180810	185299	185407	174438	180357	180359	177778	179243	177611	177610	176471	185872	177755	181348	173954	175167	179046	178208	177883	177884	177886	179060	178113	187537	181043	3565956	187615	187645	187683	177924	172981	181576	176866	176869	180889	177343	179289	179287	179286	179288	178122	180162	189332	175316	176554	190025	175008	173078	190224	190226	175086	175085	259738	175410	180311	266823	180582	191169	174150	180398	191688	191275	174594
Longevity regulating pathway - multiple species	172167	174762	181748	174285	177770	172757	179424	174141	179959	180978	172632	3565569	175622	178507	181524	180357	177778	176471	174805	174806	181492	176336	176230	3565956	173074	177924	172981	174556	181727	179289	179287	179286	179288	172141	3565679	176552	176554	175086	175085	259738	175410	171735	191688	173776	178104	3565407
Apoptosis - multiple species	181979	177460	175643	178272	179841	177243	179943	176866	3565776	177345	179597	179728	191169
Wnt signaling pathway	172978	175802	178537	180579	177460	177943	175524	174257	177111	180679	172017	266854	179388	173894	181344	173287	191765	183461	178496	178494	178493	178495	180982	176466	181166	180431	178768	180441	179217	180081	172773	172775	180148	180853	172842	173729	179572	260116	186392	186939	173338	178214	54162166	174058	173399	177921	187536	176380	175815	181446	181445	172610	176866	180904	172856	172394	176808	177821	171849	190882	178447	178451	173149	171677	177138	191763	174941	178840	178839	178458	191762	171832	177401	191169	179358	177463	172498	3565407
Notch signaling pathway	174285	172017	266854	173894	179959	180441	180853	172225	177373	173074	176282	176380	180367	179598	176565	172747	172394	171920	172905	181041	172498
TGF-beta signaling pathway	175781	174257	172088	174044	172249	191765	178496	178494	178493	178495	176466	180431	179595	178117	175545	180081	172773	172775	180148	175750	173729	260116	178214	54162166	3565956	176380	175815	181446	181445	175955	174458	179068	180133	178447	191763	176554	178840	178839	178458	191762	190602	179358	176229
Axon regeneration	177613	191743	172167	174762	178537	177460	176825	179259	191704	175779	175778	266952	182375	180565	180452	177111	172760	172017	172505	181344	175643	176914	177513	178272	180481	172689	179319	184043	184118	173904	176168	184419	175622	181157	180927	178987	173128	180441	180359	179219	181562	180961	177667	185682	177611	177610	180720	181504	186262	181259	186939	174068	181004	178895	176511	171751	173794	172645	176230	3565956	171687	178602	176282	177931	172981	181727	176866	176869	173468	180929	179546	189074	174830	176596	176554	190098	178458	175410	178217	176620	191169	180773	174227	180637	180690	172498	3565407
Hippo signaling pathway - multiple species	180873	180707	179687	181441	181267	180708	174005	185482	175870	187783	188402	172896	3565400
ECM-receptor interaction	180980	181708	3565243	177956	181283	172952	177292	175504
